Field=#~Integer~#~50|Field=Designator~String~Designator~100|Field=MountType~String~MountType~100|Field=PackageReference~String~PackageReference~100|Field=Center-X(Mil)~String~Center-X(Mil)~100|Field=Center-X(mm)~String~Center-X(mm)~100|Field=Center-Y(Mil)~String~Center-Y(Mil)~100|Field=Center-Y(mm)~String~Center-Y(mm)~100|Field=Layer~String~Layer~100|Field=Pad-X(Mil)~String~Pad-X(Mil)~100|Field=Pad-X(mm)~String~Pad-X(mm)~100|Field=Pad-Y(Mil)~String~Pad-Y(Mil)~100|Field=Pad-Y(mm)~String~Pad-Y(mm)~100|Field=Ref-X(Mil)~String~Ref-X(Mil)~100|Field=Ref-X(mm)~String~Ref-X(mm)~100|Field=Ref-Y(Mil)~String~Ref-Y(Mil)~100|Field=Ref-Y(mm)~String~Ref-Y(mm)~100|Field=Rotation~String~Rotation~100|ReportField=Currency~<none>|ReportField=ProductionQuantity~1|ReportField=ProjectFileName~PROC091F.PrjPcb|ReportField=ProjectFullPath~D:\Project\60Ghz_AOP\07_Hardware\Design\LLD_Schematics\60GHz_AOP\REV_F\xWR6843AOPEVM\PROC091F.PrjPcb|ReportField=Title~Pick and Place For Variant [002] of Project [PROC091F.PrjPcb] (PCB Document : PROC091F.PcbDoc)|ReportField=ReportTime~20:43:00|ReportField=ReportDate~11-11-2020|ReportField=ReportDateTime~11-11-2020 20:43:00|ReportField=OutputName~Pick and Place|ReportField=OutputType~BOM_PartType|ReportField=GeneratorName~BOM|ReportField=GeneratorDescription~Bill of Materials|ReportField=VariantName~002|ReportField=TotalQuantity~314|ReportField=TotalActualPrice~0|ReportField=TotalTargetPrice~0|ReportField=VersionControl_RevNumber~|ReportField=VersionControl_ProjFolderRevNumber~|ReportField=EVM_Orderable~AWR6843AOPEVM|ReportField=CopyrightYear~2019|ReportField=PCB_Layout~Mistral Team|ReportField=PCB_Rev~F|ReportField=PRJ_Customer~Public Release|ReportField=PRJ_Engineer~Antony/Bala|ReportField=PRJ_Number~PROC091|ReportField=PRJ_Title~xWR6843AOPEVM|ReportField=SCH_Rev~F|ReportField=TechSupport~http://www.ti.com/support|ReportField=TID~N/A|ReportField=Address1~Not shown in title block|ReportField=Address2~Not shown in title block|ReportField=Address3~Not shown in title block|ReportField=Address4~Not shown in title block|ReportField=Application_BuildNumber~|ReportField=ApprovedBy~Not shown in title block|ReportField=Author~Not shown in title block|ReportField=CheckedBy~Not shown in title block|ReportField=CompanyName~Not shown in title block|ReportField=ConfigurationParameters~|ReportField=ConfiguratorName~|ReportField=CurrentDate~11-11-2020|ReportField=CurrentTime~20:20:09|ReportField=Date~Not shown in title block|ReportField=DocumentFullPathAndName~D:\Project\60Ghz_AOP\07_Hardware\Design\LLD_Schematics\60GHz_AOP\REV_F\xWR6843AOPEVM\PROC091F_ANALOG_MUX.SchDoc|ReportField=DocumentName~PROC091F_ANALOG_MUX.SchDoc|ReportField=DocumentNumber~10|ReportField=DrawnBy~Antony/Bala|ReportField=Engineer~Not shown in title block|ReportField=ImagePath~Not shown in title block|ReportField=IsUserConfigurable~|ReportField=ModifiedDate~21-07-2020|ReportField=Organization~Not shown in title block|ReportField=PageSetup~Record=PageOptions:CenterHorizontal=True:CenterVertical=True:PrintScale=1.00:XCorrection=1.00:YCorrection=1.00:PrintKind=0:BorderSize=5000000:LeftOffset=0:BottomOffset=0:Orientation=2:PaperLength=1000:PaperWidth=1000:Scale=100:PaperSource=15:PrintQuality=600:MediaType=1:DitherType=10:PaperKind=Letter:PrintScaleMode=1|ReportField=ProjectName~PROC091F.PrjPcb|ReportField=Revision~Use project parameter SCH_Rev|ReportField=Rule~|ReportField=SheetNumber~10|ReportField=SheetTotal~12|ReportField=Time~Not shown in title block|ReportField=Title~BREAKAWAY_SECTION4|ReportField=VersionControl_ProjFolderRevNumber~|ReportField=VersionControl_RevNumber~|ReportField=DataSourceFileName~PROC091F.PrjPcb|ReportField=DataSourceFullPath~D:\Project\60Ghz_AOP\07_Hardware\Design\LLD_Schematics\60GHz_AOP\REV_F\xWR6843AOPEVM\PROC091F.PrjPcb|ReportField=PCBDataSourceFileName~PROC091F.PcbDoc|ReportField=PCBDataSourceFullPath~D:\Project\60Ghz_AOP\07_Hardware\Design\LLD_Schematics\60GHz_AOP\REV_F\xWR6843AOPEVM\PROC091F.PcbDoc|ReportField=PCBConfigurationName~Sources|ReportField=Item~|ReportField=ItemRevision~|ReportField=ItemAndRevision~|ReportField=ItemRevisionBase~|ReportField=ItemRevisionLevel1~|ReportField=ItemRevisionLevel2~|ReportField=ItemRevisionLevel1AndBase~|ReportField=ItemRevisionLevel2AndLevel1~
1|!PCB|N/A||0|0|0|0|None|0|0|0|0|0|0|0|0|0
2|A1||SMT_ANT|6517.096|165.534|4550.463|115.582|Top|6541.702|166.159|4550.463|115.582|6517.096|165.534|4550.463|115.582|180
3|C1|SMT|0402|3245.802|82.443|4221.223|107.219|Top|3245.802|82.443|4201.223|106.711|3245.802|82.443|4221.223|107.219|90
4|C2||0201 (0603 Metric)|3785.88|96.161|4170.742|105.937|Bottom|3785.88|96.161|4160.73|105.683|3785.88|96.161|4170.742|105.937|90
5|C3||0201 (0603 Metric)|3772.949|95.833|4125.723|104.793|Bottom|3782.961|96.087|4125.723|104.793|3772.949|95.833|4125.723|104.793|180
6|C4|SMT|0402|3226.3|81.948|4334.4|110.094|Bottom|3226.3|81.948|4314.4|109.586|3226.3|81.948|4334.4|110.094|90
7|C6||0201 (0603 Metric)|5221.014|132.614|4103.016|104.217|Bottom|5211.002|132.359|4103.016|104.217|5221.014|132.614|4103.016|104.217|0
8|C12||0201 (0603 Metric)|5598.061|142.191|3727.053|94.667|Bottom|5598.061|142.191|3717.041|94.413|5598.061|142.191|3727.053|94.667|90
9|C14|SMT|0201|3719.343|94.471|4001.359|101.635|Top|3719.343|94.471|3990.336|101.355|3719.343|94.471|4001.359|101.635|90
10|C19||0201|5765.789|146.451|4370.868|111.02|Top|5765.789|146.451|4380.711|111.27|5765.789|146.451|4370.868|111.02|270
11|C20||0201|5765.789|146.451|4324.983|109.855|Top|5765.789|146.451|4315.141|109.605|5765.789|146.451|4324.983|109.855|90
12|C21|SMT|0402|6028.919|153.135|4344.095|110.34|Top|6028.919|153.135|4363.78|110.84|6028.919|153.135|4344.095|110.34|270
13|C22|SMT|0402|5956.702|151.3|4395.471|111.645|Top|5956.702|151.3|4415.156|112.145|5956.702|151.3|4395.471|111.645|270
14|C23|SMT|0402|5883.592|149.443|4324.416|109.84|Top|5903.277|149.943|4324.416|109.84|5883.592|149.443|4324.416|109.84|180
15|C24||0201|5630.514|143.015|4003.463|101.688|Top|5640.383|143.266|4003.463|101.688|5630.514|143.015|4003.463|101.688|180
16|C25||0201 (0603 Metric)|5629.371|142.986|4224.375|107.299|Top|5639.383|143.24|4224.375|107.299|5629.371|142.986|4224.375|107.299|180
17|C26||0201 (0603 Metric)|5630.371|143.011|4042.21|102.672|Top|5640.383|143.266|4042.21|102.672|5630.371|143.011|4042.21|102.672|180
18|C27||0201 (0603 Metric)|6047.371|153.603|4128.463|104.863|Top|6037.359|153.349|4128.463|104.863|6047.371|153.603|4128.463|104.863|0
19|C28||0402|5984.121|151.997|3931.347|99.856|Top|5984.121|151.997|3946.251|100.235|5984.121|151.997|3931.347|99.856|270
20|C29||0402|5958.371|151.343|4142.463|105.219|Bottom|5973.275|151.721|4142.463|105.219|5958.371|151.343|4142.463|105.219|180
21|C30|SMT|0201|3304|83.922|4158.519|105.626|Top|3304|83.922|4147.495|105.346|3304|83.922|4158.519|105.626|90
22|C31||0201 (0603 Metric)|3562.134|90.478|4311.222|109.505|Top|3562.134|90.478|4301.21|109.251|3562.134|90.478|4311.222|109.505|90
23|C32||0201 (0603 Metric)|3268.134|83.011|4312.113|109.528|Top|3268.134|83.011|4302.1|109.273|3268.134|83.011|4312.113|109.528|90
24|C33||0201 (0603 Metric)|3559.038|90.4|4025.101|102.238|Top|3559.038|90.4|4015.089|101.983|3559.038|90.4|4025.101|102.238|90
25|C34||0201 (0603 Metric)|3277.23|83.242|4022.75|102.178|Top|3277.23|83.242|4012.738|101.924|3277.23|83.242|4022.75|102.178|90
26|C35||0201 (0603 Metric)|5959.541|151.372|4181.253|106.204|Bottom|5969.553|151.627|4181.253|106.204|5959.541|151.372|4181.253|106.204|180
27|C36||0201 (0603 Metric)|6006.441|152.564|4219.375|107.172|Top|5996.429|152.309|4219.375|107.172|6006.441|152.564|4219.375|107.172|0
28|C37||0201 (0603 Metric)|5775.382|146.695|4411.08|112.041|Top|5785.395|146.949|4411.08|112.041|5775.382|146.695|4411.08|112.041|180
29|C40||0201 (0603 Metric)|4970.374|126.248|3934.382|99.933|Top|4960.362|125.993|3934.382|99.933|4970.374|126.248|3934.382|99.933|0
30|C41|SMT|0402|5975.277|151.772|4530.778|115.082|Top|5975.277|151.772|4550.463|115.582|5975.277|151.772|4530.778|115.082|270
31|C42|SMT|0402|6310|160.274|4040|102.616|Top|6310|160.274|4020|102.108|6310|160.274|4040|102.616|90
32|C43||0201 (0603 Metric)|5497.814|139.644|4202.577|106.745|Bottom|5497.814|139.644|4192.565|106.491|5497.814|139.644|4202.577|106.745|90
33|C44||0402|3430.216|87.127|4377.734|111.194|Top|3430.216|87.127|4392.638|111.573|3430.216|87.127|4377.734|111.194|270
34|C45||0402|3396.502|86.271|4377.256|111.182|Top|3396.502|86.271|4392.16|111.561|3396.502|86.271|4377.256|111.182|270
35|C46||0402|3429.829|87.118|3925.597|99.71|Top|3429.829|87.118|3910.693|99.332|3429.829|87.118|3925.597|99.71|90
36|C47||0402|3395.415|86.244|3925.76|99.714|Top|3395.415|86.244|3910.856|99.336|3395.415|86.244|3925.76|99.714|90
37|C48||0402|3836.225|97.44|4067.822|103.323|Bottom|3851.129|97.819|4067.822|103.323|3836.225|97.44|4067.822|103.323|180
38|C49||0402|4217.544|107.126|4191.28|106.459|Bottom|4217.544|107.126|4206.185|106.837|4217.544|107.126|4191.281|106.459|270
39|C50|SMT|0402|3448.11|87.582|4283.771|108.808|Top|3468.11|88.09|4283.771|108.808|3448.11|87.582|4283.771|108.808|180
40|C51|SMT|0402|3385.11|85.982|4283.771|108.808|Top|3365.11|85.474|4283.771|108.808|3385.11|85.982|4283.771|108.808|0
41|C52|SMT|0402|3385.109|85.982|4033.267|102.445|Top|3365.109|85.474|4033.267|102.445|3385.109|85.982|4033.267|102.445|0
42|C53|SMT|0402|3448.109|87.582|4033.267|102.445|Top|3468.109|88.09|4033.267|102.445|3448.109|87.582|4033.267|102.445|180
43|C54||0402|4185.584|106.314|4190.341|106.435|Bottom|4185.584|106.314|4205.245|106.813|4185.584|106.314|4190.341|106.435|270
44|C55|SMT|0402|4115.163|104.525|4356.497|110.655|Bottom|4115.163|104.525|4336.497|110.147|4115.163|104.525|4356.497|110.655|90
45|C56|SMT|0201|4166.371|105.826|4378.244|111.207|Bottom|4155.347|105.546|4378.244|111.207|4166.371|105.826|4378.244|111.207|0
46|C57|SMT|0201|4168.421|105.878|4409.402|111.999|Bottom|4157.397|105.598|4409.402|111.999|4168.421|105.878|4409.402|111.999|0
47|C58|SMT|0201|4125.061|104.777|4410.163|112.018|Bottom|4136.085|105.057|4410.163|112.018|4125.061|104.777|4410.163|112.018|180
48|C59|SMT|0402|4128.303|104.859|3985.945|101.243|Bottom|4108.303|104.351|3985.945|101.243|4128.303|104.859|3985.945|101.243|0
49|C60|SMT|0201|4378.335|111.21|3871.659|98.34|Top|4378.335|111.21|3882.682|98.62|4378.335|111.21|3871.659|98.34|270
50|C61|SMT|0201|4270.976|108.483|4185.3|106.307|Bottom|4282|108.763|4185.3|106.307|4270.976|108.483|4185.3|106.307|180
51|C62|SMT|0402|3907|99.238|4128|104.851|Bottom|3887|98.73|4128|104.851|3907|99.238|4128|104.851|0
52|C63|SMT|0201|3737.187|94.925|4226.49|107.353|Top|3737.187|94.925|4215.467|107.073|3737.187|94.925|4226.49|107.353|90
53|C64|SMT|0201|3907|99.238|4159|105.639|Bottom|3895.976|98.958|4159|105.639|3907|99.238|4159|105.639|0
54|C65|SMT|0402|3911|99.339|4188|106.375|Bottom|3891|98.831|4188|106.375|3911|99.339|4188|106.375|0
55|C66|SMT|0201|3908.024|99.264|4218|107.137|Bottom|3897|98.984|4218|107.137|3908.024|99.264|4218|107.137|0
56|C67|SMT|0201|3848|97.739|4327|109.906|Bottom|3848|97.739|4315.976|109.626|3848|97.739|4327|109.906|90
57|C68|SMT|0201|3884.371|98.663|4409.244|111.995|Bottom|3873.347|98.383|4409.244|111.995|3884.371|98.663|4409.244|111.995|0
58|C69|SMT|0201|3734.673|94.861|4322.976|109.804|Top|3734.673|94.861|4334|110.084|3734.673|94.861|4322.976|109.804|270
59|C70|SMT|0402|3891|98.831|4337|110.16|Bottom|3911|99.339|4337|110.16|3891|98.831|4337|110.16|180
60|C71|SMT|0201|3722.862|94.561|4065.247|103.257|Top|3722.862|94.561|4076.271|103.537|3722.862|94.561|4065.247|103.257|270
61|C72||0201 (0603 Metric)|4853.371|123.276|4217.475|107.124|Top|4853.371|123.276|4227.487|107.378|4853.371|123.276|4217.475|107.124|270
62|C74|SMT|0201|3945.459|100.215|4346.383|110.398|Bottom|3956.483|100.495|4346.383|110.398|3945.459|100.215|4346.383|110.398|180
63|C75|SMT|0201|3945.456|100.215|4409.243|111.995|Bottom|3956.48|100.495|4409.243|111.995|3945.456|100.215|4409.243|111.995|180
64|C76|SMT|0201|3945.459|100.215|4377.915|111.199|Bottom|3956.483|100.495|4377.915|111.199|3945.459|100.215|4377.915|111.199|180
65|C77||0402|3415.033|86.742|4422.657|112.335|Top|3400.129|86.363|4422.657|112.335|3415.033|86.742|4422.657|112.335|0
66|C78|SMT|0402|4038.897|102.588|4317.129|109.655|Bottom|4058.897|103.096|4317.129|109.655|4038.897|102.588|4317.129|109.655|180
67|C79|SMT|0201|4071.882|103.426|4346.338|110.397|Bottom|4060.858|103.146|4346.338|110.397|4071.882|103.426|4346.338|110.397|0
68|C80|SMT|0201|4073.371|103.464|4377.748|111.195|Bottom|4062.347|103.184|4377.748|111.195|4073.371|103.464|4377.748|111.195|0
69|C81|SMT|0201|4071.878|103.426|4409.359|111.998|Bottom|4060.854|103.146|4409.359|111.998|4071.878|103.426|4409.359|111.998|0
70|C82|SMT|0402|4001.016|101.626|4277.318|108.644|Bottom|3981.016|101.118|4277.318|108.644|4001.016|101.626|4277.318|108.644|0
71|C83|SMT|0201|4008.905|101.826|4346.147|110.392|Bottom|3997.881|101.546|4346.147|110.392|4008.905|101.826|4346.147|110.392|0
72|C84|SMT|0201|4009.236|101.835|4377.83|111.197|Bottom|3998.213|101.555|4377.83|111.197|4009.236|101.835|4377.83|111.197|0
73|C85|SMT|0201|4009.236|101.835|4409.326|111.997|Bottom|3998.213|101.555|4409.326|111.997|4009.236|101.835|4409.326|111.997|0
74|C86||0201 (0603 Metric)|5910.414|150.125|3935.321|99.957|Bottom|5900.402|149.87|3935.321|99.957|5910.414|150.125|3935.321|99.957|0
75|C87|SMT|0201|4025.616|102.251|3891.023|98.832|Bottom|4014.592|101.971|3891.023|98.832|4025.616|102.251|3891.023|98.832|0
76|C88|SMT|0201|4394.908|111.631|4124.756|104.769|Top|4383.884|111.351|4124.756|104.769|4394.908|111.631|4124.756|104.769|0
77|C89|SMT|0402|3717.502|94.425|4135.448|105.04|Top|3737.187|94.925|4135.448|105.04|3717.502|94.425|4135.448|105.04|180
78|C90|SMT|0402|3717.371|94.421|4182.85|106.244|Top|3737.056|94.921|4182.85|106.244|3717.371|94.421|4182.85|106.244|180
79|C91||0201 (0603 Metric)|4292.988|109.042|4035.173|102.493|Bottom|4303|109.296|4035.173|102.493|4292.988|109.042|4035.173|102.493|180
80|C92||0201 (0603 Metric)|4065.736|103.27|3883.095|98.631|Bottom|4065.736|103.27|3873.083|98.376|4065.736|103.27|3883.095|98.631|90
81|C93|SMT|0402|6205.977|157.632|4550.463|115.582|Top|6225.662|158.132|4550.463|115.582|6205.977|157.632|4550.463|115.582|180
82|C94|SMT|0201|4293.187|109.047|3964.678|100.703|Bottom|4304.211|109.327|3964.678|100.703|4293.187|109.047|3964.678|100.703|180
83|C95|SMT|0201|3922.366|99.628|3891.756|98.851|Bottom|3922.366|99.628|3880.732|98.571|3922.366|99.628|3891.756|98.851|90
84|C96|SMT|0201|4388.366|111.465|4235.756|107.588|Top|4388.366|111.465|4224.732|107.308|4388.366|111.465|4235.756|107.588|90
85|C97|SMT|0201|3779.787|96.007|4050.198|102.875|Bottom|3779.787|96.007|4039.174|102.595|3779.787|96.007|4050.198|102.875|90
86|C98|SMT|0201|4388.366|111.465|4297.756|109.163|Top|4388.366|111.465|4308.779|109.443|4388.366|111.465|4297.756|109.163|270
87|C99|SMT|0402|6328.977|160.756|4550.463|115.582|Top|6348.662|161.256|4550.463|115.582|6328.977|160.756|4550.463|115.582|180
88|C100||0201|3741.24|95.028|3861.691|98.087|Bottom|3731.371|94.777|3861.691|98.087|3741.24|95.028|3861.691|98.087|0
89|C101||0201 (0603 Metric)|3741|95.021|3881.165|98.582|Bottom|3730.988|94.767|3881.165|98.582|3741|95.021|3881.165|98.582|0
90|C102|SMT|0201|4393.221|111.588|4090.255|103.892|Top|4382.197|111.308|4090.255|103.892|4393.221|111.588|4090.255|103.892|0
91|C103|SMT|0201|4291.976|109.016|4058.8|103.094|Bottom|4303|109.296|4058.8|103.094|4291.976|109.016|4058.8|103.094|180
92|C105||0201 (0603 Metric)|5402.371|137.22|4347.368|110.423|Bottom|5402.371|137.22|4337.356|110.169|5402.371|137.22|4347.368|110.423|90
93|C106|SMT|0402|5574|141.58|4430.508|112.535|Bottom|5574|141.58|4450.193|113.035|5574|141.58|4430.508|112.535|270
94|C107||0201 (0603 Metric)|6223.221|158.07|4433.221|112.604|Top|6223.221|158.07|4423.208|112.349|6223.221|158.07|4433.221|112.604|90
95|C108||0201 (0603 Metric)|6197.97|157.428|3866.012|98.197|Top|6197.97|157.428|3876.024|98.451|6197.97|157.428|3866.012|98.197|270
96|C109||0201 (0603 Metric)|6365.6|161.686|3768.9|95.73|Top|6355.588|161.432|3768.9|95.73|6365.6|161.686|3768.9|95.73|0
97|C110|SMT|0402|6440|163.576|3773.615|95.85|Top|6440|163.576|3753.93|95.35|6440|163.576|3773.615|95.85|90
98|C117||0201 (0603 Metric)|5334.391|135.494|4536.809|115.235|Bottom|5324.378|135.239|4536.809|115.235|5334.391|135.494|4536.809|115.235|0
99|C120||0201 (0603 Metric)|4784.371|121.523|4437.463|112.712|Top|4784.371|121.523|4427.451|112.457|4784.371|121.523|4437.463|112.712|90
100|C122|SMT|0402|6260|159.004|4040|102.616|Top|6260|159.004|4060|103.124|6260|159.004|4040|102.616|270
101|C123||0201 (0603 Metric)|5489.383|139.43|3956.463|100.494|Bottom|5499.395|139.685|3956.463|100.494|5489.383|139.43|3956.463|100.494|180
102|C125||0201|5270.833|133.879|4102.899|104.214|Bottom|5260.821|133.625|4102.899|104.214|5270.833|133.879|4102.899|104.214|0
103|C126||0201 (0603 Metric)|3679.925|93.47|4262.913|108.278|Top|3669.913|93.216|4262.913|108.278|3679.925|93.47|4262.913|108.278|0
104|C127||0201 (0603 Metric)|6141.371|155.991|3936.747|99.993|Bottom|6151.383|156.245|3936.747|99.993|6141.371|155.991|3936.747|99.993|180
105|C128||0201 (0603 Metric)|6131.465|155.739|3761.122|95.532|Bottom|6141.477|155.994|3761.122|95.532|6131.465|155.739|3761.122|95.532|180
106|C129||0201|6207.772|157.677|3815.735|96.92|Bottom|6207.772|157.677|3825.605|97.17|6207.772|157.677|3815.736|96.92|270
107|C130||0201 (0603 Metric)|4251.688|107.993|4228|107.391|Bottom|4261.7|108.247|4228|107.391|4251.688|107.993|4228|107.391|180
108|D1|SMT|2-XFDFN|3229.537|82.03|4219.172|107.167|Bottom|3229.537|82.03|4237.184|107.624|3229.537|82.03|4211.987|106.984|270
109|D2|SMT|2-XFDFN|4596.655|116.755|3756.878|95.425|Top|4578.643|116.298|3756.878|95.425|4603.84|116.938|3756.878|95.425|0
110|FL1|SMT|0402|3949.537|100.318|4288.549|108.929|Bottom|3949.537|100.318|4268.864|108.429|3949.537|100.318|4288.549|108.929|90
111|FL2|SMT|0402|3228.803|82.012|4133.284|104.985|Bottom|3228.803|82.012|4113.599|104.485|3228.803|82.012|4133.284|104.985|90
112|FL3|SMT|0402|6159|156.439|3836|97.434|Top|6159|156.439|3855.685|97.934|6159|156.439|3836|97.434|270
113|FL6|SMT|0402|3153.459|80.098|4388.191|111.46|Top|3173.144|80.598|4388.191|111.46|3153.459|80.098|4388.191|111.46|180
114|FL7|SMT|0402|3835|97.409|4188.315|106.383|Bottom|3835|97.409|4168.63|105.883|3835|97.409|4188.315|106.383|90
115|FL8|SMT|0402|4170.371|105.927|4339.044|110.212|Bottom|4190.056|106.427|4339.044|110.212|4170.371|105.927|4339.044|110.212|180
116|FL9|SMT|0402|3881.315|98.585|4271|108.483|Bottom|3901|99.085|4271|108.483|3881.315|98.585|4271|108.483|180
117|FL10|SMT|0402|3978.371|101.051|3984.874|101.216|Bottom|3958.686|100.551|3984.874|101.216|3978.371|101.051|3984.874|101.216|0
118|FL11|SMT|0402|4674.939|118.743|3755.497|95.39|Top|4694.624|119.243|3755.497|95.39|4674.939|118.743|3755.497|95.39|180
119|FL12|SMT|0402|5450.096|138.432|4210.463|106.946|Bottom|5469.781|138.932|4210.463|106.946|5450.096|138.432|4210.463|106.946|180
120|FL14|SMT|0402|6330|160.782|4105.179|104.272|Top|6349.685|161.282|4105.179|104.272|6330|160.782|4105.179|104.272|180
121|FL20|SMT|0402|3552.134|90.224|4385.048|111.38|Top|3571.819|90.724|4385.048|111.38|3552.134|90.224|4385.048|111.38|180
122|FL22|SMT|0402|4843.47|123.024|3842.728|97.605|Top|4843.47|123.024|3862.413|98.105|4843.47|123.024|3842.728|97.605|270
123|H1|||0|0|0|0|None|0|0|0|0|0|0|0|0|0
124|H2|||0|0|0|0|None|0|0|0|0|0|0|0|0|0
125|J1|SMT|Micro USB receptacle|3119.506|79.235|4164.78|105.785|Bottom|3172.656|80.585|4113.599|104.485|3119.506|79.235|4164.78|105.785|90
126|J2|SMT|Receptacle, 0.5 mm, 30x2, TH|4733.361|120.227|4144.5|105.27|Bottom|4620.565|117.362|3859.067|98.02|4733.361|120.227|4144.5|105.27|0
127|J3||HDR4|5065.287|128.658|4542.383|115.377|Bottom|4990.287|126.753|4542.383|115.377|5065.287|128.658|4581.753|116.377|0
128|J5|SMT|Micro USB receptacle|6486.85|164.766|4155.73|105.556|Top|6433.701|163.416|4104.549|104.256|6486.85|164.766|4155.73|105.556|90
129|J7||HDR10|5736.465|145.706|4501.187|114.33|Bottom|5636.465|143.166|4526.187|114.965|5736.465|145.706|4571.463|116.115|0
130|J8||HDR3|5459.371|138.668|4535.463|115.201|Bottom|5409.371|137.398|4535.463|115.201|5459.371|138.668|4574.833|116.201|0
131|J9|SMT|Ultra small CO-AX SMD|5232.958|132.917|4253.575|108.041|Top|5232.958|132.917|4223.556|107.278|5232.958|132.917|4283.595|108.803|90
132|J10||HDR3|6543|166.192|3800|96.52|Top|6543|166.192|3750|95.25|6582.37|167.192|3800|96.52|90
133|L1|SMT|0402 polarized|5975.411|151.775|4324.41|109.84|Top|5956.71|151.3|4324.41|109.84|5975.411|151.775|4324.41|109.84|0
134|L2||0805 (2012 Metric)|3480.98|88.417|4358.439|110.704|Top|3480.98|88.417|4385.048|111.38|3480.98|88.417|4358.439|110.704|270
135|L3||0805 (2012 Metric)|3346.24|84.994|4358.439|110.704|Top|3346.24|84.994|4385.048|111.38|3346.24|84.994|4358.439|110.704|270
136|L4||0805 (2012 Metric)|3480.979|88.417|3957.6|100.523|Top|3480.979|88.417|3930.99|99.847|3480.979|88.417|3957.6|100.523|90
137|L5||0805 (2012 Metric)|3344.239|84.944|3957.6|100.523|Top|3344.239|84.944|3930.99|99.847|3344.239|84.944|3957.6|100.523|90
138|L6|SMT|0402 polarized|5903.372|149.946|4396.456|111.67|Top|5903.372|149.946|4377.755|111.195|5903.372|149.946|4396.456|111.67|90
139|L7|SMT|0805|5980.152|151.896|4040.829|102.637|Bottom|5980.152|151.896|4000.829|101.621|5980.152|151.896|4040.829|102.637|90
140|L8|SMT|0603|6040.757|153.435|3919.101|99.545|Top|6040.757|153.435|3891.542|98.845|6040.757|153.435|3919.101|99.545|90
141|L9|SMT|0402 polarized|5930.037|150.623|4485.353|113.928|Top|5930.037|150.623|4466.653|113.453|5930.037|150.623|4485.353|113.928|90
142|L10|SMT|0402 polarized|6085.977|154.584|4550.463|115.582|Top|6067.277|154.109|4550.463|115.582|6085.977|154.584|4550.463|115.582|0
143|L11|SMT|0603|3892.39|98.867|4015.023|101.982|Bottom|3864.831|98.167|4015.023|101.982|3892.39|98.867|4015.023|101.982|0
144|L12|SMT|0603|4090.188|103.891|4281.103|108.74|Bottom|4117.747|104.591|4281.103|108.74|4090.188|103.891|4281.103|108.74|180
145|L13|SMT|0603|3242.637|82.363|4385.229|111.385|Top|3270.196|83.063|4385.229|111.385|3242.637|82.363|4385.229|111.385|180
146|L14|SMT|0603|4121.434|104.684|4229.06|107.418|Bottom|4148.993|105.384|4229.06|107.418|4121.434|104.684|4229.06|107.418|180
147|LD1|SMT|0402|3121.655|79.29|4188.503|106.388|Top|3103.938|78.84|4188.503|106.388|3121.655|79.29|4188.503|106.388|0
148|LD2|SMT|0402|4607.12|117.021|4561.069|115.851|Top|4624.837|117.471|4561.069|115.851|4607.12|117.021|4561.069|115.851|180
149|LD3|SMT|0402|4758.136|120.857|4558.147|115.777|Top|4740.42|120.407|4558.147|115.777|4758.136|120.857|4558.147|115.777|0
150|LD4|SMT|0402|3600|91.44|4117.071|104.574|Top|3582.284|90.99|4117.071|104.574|3600|91.44|4117.071|104.574|0
151|LD5|SMT|0402|4996.119|126.901|4338.023|110.186|Top|4996.119|126.901|4355.739|110.636|4996.119|126.901|4338.023|110.186|270
152|LD6|SMT|0402|5736.371|145.704|4393.364|111.591|Top|5736.371|145.704|4375.647|111.141|5736.371|145.704|4393.364|111.591|90
153|Q1||SOT23|5082.371|129.092|4240.813|107.717|Top|5046.347|128.177|4206.297|106.84|5082.371|129.092|4240.813|107.717|90
154|R1||0201|5577.056|141.657|4028.974|102.336|Bottom|5577.056|141.657|4018.457|102.069|5577.056|141.657|4028.974|102.336|90
155|R2||0201 (0603 Metric)|4295.7|109.111|4110.3|104.402|Bottom|4295.7|109.111|4123.095|104.727|4295.7|109.111|4110.3|104.402|270
156|R3||0201|3793.633|96.358|3912.756|99.384|Bottom|3804.151|96.625|3912.756|99.384|3793.633|96.358|3912.756|99.384|180
157|R4|SMT|0201|3717.543|94.426|4429.005|112.497|Top|3728.567|94.706|4429.005|112.497|3717.543|94.426|4429.005|112.497|180
158|R5|SMT|0201|4378.131|111.205|4374.267|111.106|Top|4378.131|111.205|4385.291|111.386|4378.131|111.205|4374.267|111.106|270
159|R6|SMT|0201|3706.272|94.139|4022.491|102.171|Bottom|3706.272|94.139|4033.515|102.451|3706.272|94.139|4022.491|102.171|270
160|R7||0201|3944.521|100.191|3889.212|98.786|Bottom|3944.521|100.191|3878.694|98.519|3944.521|100.191|3889.212|98.786|90
161|R8||0201|3916.897|99.489|3972.116|100.892|Bottom|3927.415|99.756|3972.116|100.892|3916.897|99.489|3972.116|100.892|180
162|R9|SMT|0201|3835|97.409|3920.197|99.573|Bottom|3835|97.409|3931.22|99.853|3835|97.409|3920.197|99.573|270
163|R10||0201|4917.012|124.892|3921|99.593|Bottom|4927.024|125.146|3921|99.593|4917.012|124.892|3921|99.593|180
164|R11||0201|4950.012|125.73|3937.939|100.024|Bottom|4960.024|125.985|3937.939|100.024|4950.012|125.73|3937.939|100.024|180
165|R12||0201 (0603 Metric)|4929.166|125.201|4495.463|114.185|Bottom|4916.371|124.876|4495.463|114.185|4929.166|125.201|4495.463|114.185|0
166|R13|SMT|0201|4636.417|117.765|4516.762|114.726|Top|4647.44|118.045|4516.762|114.726|4636.417|117.765|4516.762|114.726|180
167|R14||0201 (0603 Metric)|4886|124.104|4506.259|114.459|Top|4886|124.104|4493.463|114.134|4886|124.104|4506.259|114.459|90
168|R15|SMT|0201|3663|93.04|4121.487|104.686|Top|3663|93.04|4110.463|104.406|3663|93.04|4121.487|104.686|90
169|R16|SMT|0201|5566.395|141.386|4484.463|113.905|Top|5577.418|141.666|4484.463|113.905|5566.395|141.386|4484.463|113.905|180
170|R17|SMT|0201|5736.371|145.704|4328.171|109.936|Top|5736.371|145.704|4317.147|109.656|5736.371|145.704|4328.171|109.936|90
171|R19||0201|3605.647|91.583|4252.67|108.018|Top|3605.647|91.583|4263.187|108.285|3605.647|91.583|4252.67|108.018|270
172|R21||0201|4318.966|109.702|4310.756|109.493|Bottom|4308.448|109.435|4310.756|109.493|4318.966|109.702|4310.756|109.493|0
173|R22||0201|4318.966|109.702|4288.756|108.934|Bottom|4308.448|109.435|4288.756|108.934|4318.966|109.702|4288.756|108.934|0
174|R23||0201|4301.238|109.251|4249.287|107.932|Bottom|4290.72|108.984|4249.287|107.932|4301.238|109.251|4249.287|107.932|0
175|R24||0402|6071.371|154.213|3937.463|100.012|Bottom|6086.275|154.591|3937.463|100.012|6071.371|154.213|3937.463|100.012|180
176|R25|SMT|0201|3292.976|83.642|4200.495|106.693|Top|3304|83.922|4200.495|106.693|3292.976|83.642|4200.495|106.693|180
177|R26|SMT|0201|3292.134|83.62|4116.994|104.572|Top|3303.157|83.9|4116.994|104.572|3292.134|83.62|4116.994|104.572|180
178|R27|SMT|0201|6094.583|154.802|3752.543|95.315|Bottom|6094.583|154.802|3741.519|95.035|6094.583|154.802|3752.543|95.315|90
179|R28||0201 (0603 Metric)|3538.795|89.885|4195|106.553|Top|3551.591|90.21|4195|106.553|3538.795|89.885|4195|106.553|180
180|R29|SMT|0201|6072.371|154.238|3965.939|100.735|Bottom|6083.395|154.518|3965.939|100.735|6072.371|154.238|3965.939|100.735|180
181|R31||0201 (0603 Metric)|5010.505|127.267|4008.932|101.827|Bottom|4997.709|126.942|4008.932|101.827|5010.505|127.267|4008.932|101.827|0
182|R32||0201 (0603 Metric)|3539.134|89.894|4171|105.943|Top|3551.929|90.219|4171|105.943|3539.134|89.894|4171|105.943|180
183|R33|SMT|0201|3292.134|83.62|4088.653|103.852|Top|3303.157|83.9|4088.653|103.852|3292.134|83.62|4088.653|103.852|180
184|R34|SMT|0201|3541.5|89.954|4220.5|107.201|Top|3530.476|89.674|4220.5|107.201|3541.5|89.954|4220.5|107.201|0
185|R35||0201|3292.518|83.63|4231|107.467|Top|3303.035|83.897|4231|107.467|3292.518|83.63|4231|107.467|180
186|R36||0201|3524.565|89.524|4098.789|104.109|Top|3524.565|89.524|4109.307|104.376|3524.565|89.524|4098.789|104.109|270
187|R37|SMT|0201|5009.228|127.234|3983.332|101.177|Bottom|5020.252|127.514|3983.332|101.177|5009.228|127.234|3983.332|101.177|180
188|R38|SMT|0201|5282.684|134.18|4235.463|107.581|Bottom|5271.66|133.9|4235.463|107.581|5282.684|134.18|4235.463|107.581|0
189|R39|SMT|0201|3090.67|78.503|4224.056|107.291|Top|3079.647|78.223|4224.056|107.291|3090.67|78.503|4224.056|107.291|0
190|R40|SMT|0201|3660.786|92.984|4145.372|105.292|Bottom|3649.762|92.704|4145.372|105.292|3660.786|92.984|4145.372|105.292|0
191|R41||0201 (0603 Metric)|3825.307|97.163|4374.622|111.115|Bottom|3825.307|97.163|4361.827|110.79|3825.307|97.163|4374.622|111.115|90
192|R42|SMT|0201|4799.247|121.901|4494.228|114.153|Top|4799.247|121.901|4505.251|114.433|4799.247|121.901|4494.228|114.153|270
193|R43||0201|3630.7|92.22|3875.427|98.436|Bottom|3620.182|91.953|3875.427|98.436|3630.7|92.22|3875.427|98.436|0
194|R44||0201|3619.371|91.932|4059.85|103.12|Bottom|3608.853|91.665|4059.85|103.12|3619.371|91.932|4059.85|103.12|0
195|R45||0201|3809.217|96.754|3978.91|101.064|Bottom|3798.699|96.487|3978.91|101.064|3809.217|96.754|3978.91|101.064|0
196|R46|SMT|0201|3595.371|91.322|3913.81|99.411|Bottom|3595.371|91.322|3902.786|99.131|3595.371|91.322|3913.81|99.411|90
197|R47|SMT|0201|3734.371|94.853|4022.491|102.171|Bottom|3734.371|94.853|4033.515|102.451|3734.371|94.853|4022.491|102.171|270
198|R48|SMT|0201|3608.371|91.653|4021.095|102.136|Bottom|3608.371|91.653|4032.118|102.416|3608.371|91.653|4021.095|102.136|270
199|R49|SMT|0201|3771.302|95.791|3947.762|100.273|Bottom|3771.302|95.791|3958.786|100.553|3771.302|95.791|3947.762|100.273|270
200|R50|SMT|0201|3197.401|81.214|4327.73|109.924|Top|3186.378|80.934|4327.73|109.924|3197.401|81.214|4327.73|109.924|0
201|R51||0201 (0603 Metric)|5230.372|132.851|4240.367|107.705|Bottom|5230.372|132.851|4253.163|108.03|5230.372|132.851|4240.367|107.705|270
202|R52|SMT|0201|3141.401|79.792|4327.359|109.915|Top|3130.378|79.512|4327.359|109.915|3141.401|79.792|4327.359|109.915|0
203|R53||0402 (1005 Metric)|3532.134|89.716|4316.352|109.635|Top|3532.134|89.716|4301.448|109.257|3532.134|89.716|4316.352|109.635|90
204|R54||0402 (1005 Metric)|3295.134|83.696|4316.069|109.628|Top|3295.134|83.696|4301.165|109.25|3295.134|83.696|4316.069|109.628|90
205|R55||0402 (1005 Metric)|3544.134|90.021|3985.352|101.228|Top|3559.038|90.4|3985.352|101.228|3544.134|90.021|3985.352|101.228|180
206|R56||0402 (1005 Metric)|3279.134|83.29|3985.209|101.224|Top|3264.23|82.911|3985.209|101.224|3279.134|83.29|3985.209|101.224|0
207|R57||0201 (0603 Metric)|5180.563|131.586|4149.189|105.389|Bottom|5180.563|131.586|4161.984|105.714|5180.563|131.586|4149.189|105.389|270
208|R58||0201 (0603 Metric)|5008.993|127.228|4036.937|102.538|Bottom|5021.789|127.553|4036.937|102.538|5008.993|127.228|4036.937|102.538|180
209|R59||0201|4301.238|109.251|4224.756|107.309|Bottom|4290.72|108.984|4224.756|107.309|4301.238|109.251|4224.756|107.309|0
210|R60||0201 (0603 Metric)|3846.819|97.709|4374.622|111.115|Bottom|3846.819|97.709|4361.827|110.79|3846.819|97.709|4374.622|111.115|90
211|R61||0201 (0603 Metric)|3577.236|90.862|4245.779|107.843|Bottom|3577.236|90.862|4258.575|108.168|3577.236|90.862|4245.779|107.843|270
212|R62||0201 (0603 Metric)|3662|93.015|4416.565|112.181|Bottom|3662|93.015|4403.769|111.856|3662|93.015|4416.565|112.181|90
213|R63||0201 (0603 Metric)|3604|91.542|4154.787|105.532|Bottom|3604|91.542|4167.582|105.857|3604|91.542|4154.787|105.532|270
214|R64|SMT|0201|3715.385|94.371|4103.784|104.236|Bottom|3715.385|94.371|4092.76|103.956|3715.385|94.371|4103.784|104.236|90
215|R65||0201|3708.051|94.184|4143.038|105.233|Bottom|3697.533|93.917|4143.038|105.233|3708.051|94.184|4143.038|105.233|0
216|R67||0201 (0603 Metric)|5508.371|139.913|3935.463|99.961|Bottom|5495.576|139.588|3935.463|99.961|5508.371|139.913|3935.463|99.961|0
217|R68||0201 (0603 Metric)|5508.371|139.913|3935.463|99.961|Top|5495.576|139.588|3935.463|99.961|5508.371|139.913|3935.463|99.961|0
218|R69|SMT|0201|5511.071|139.981|3729.958|94.741|Bottom|5500.047|139.701|3729.958|94.741|5511.071|139.981|3729.958|94.741|0
219|R74||0201 (0603 Metric)|4896.359|124.368|3879.463|98.538|Top|4886.347|124.113|3879.463|98.538|4896.359|124.368|3879.463|98.538|0
220|R75|SMT|0201|3875.366|98.434|3907.803|99.258|Bottom|3875.366|98.434|3918.826|99.538|3875.366|98.434|3907.803|99.258|270
221|R83||0201|4277.8|108.656|4155.3|105.545|Bottom|4288.318|108.923|4155.3|105.545|4277.8|108.656|4155.3|105.545|180
222|R84||0201|4119.891|104.645|3922.396|99.629|Bottom|4109.373|104.378|3922.396|99.629|4119.891|104.645|3922.396|99.629|0
223|R85||0201|4355.444|110.628|4224.989|107.315|Bottom|4344.926|110.361|4224.989|107.315|4355.444|110.628|4224.989|107.315|0
224|R86||0201 (0603 Metric)|5629.221|142.982|4180.572|106.187|Top|5619.209|142.728|4180.572|106.187|5629.221|142.982|4180.572|106.187|0
225|R87||0201 (0603 Metric)|5629.371|142.986|4202.463|106.743|Top|5619.359|142.732|4202.463|106.743|5629.371|142.986|4202.463|106.743|0
226|R88||0201|4778.185|121.366|4060.326|103.132|Top|4788.197|121.62|4060.326|103.132|4778.185|121.366|4060.326|103.132|180
227|R89|SMT|0201|5826.382|147.99|4411.08|112.041|Top|5815.359|147.71|4411.08|112.041|5826.382|147.99|4411.08|112.041|0
228|R90||0201 (0603 Metric)|5837.39|148.27|4321.291|109.761|Bottom|5847.402|148.524|4321.291|109.761|5837.39|148.27|4321.291|109.761|180
229|R91||0201 (0603 Metric)|5910.139|150.118|3926.463|99.732|Top|5920.151|150.372|3926.463|99.732|5910.139|150.118|3926.463|99.732|180
230|R94||0201|5286.185|134.269|4537.084|115.242|Bottom|5275.667|134.002|4537.084|115.242|5286.185|134.269|4537.084|115.242|0
231|R95||0201|5222.165|132.643|4444.385|112.887|Bottom|5232.683|132.91|4444.385|112.887|5222.165|132.643|4444.385|112.887|180
232|R99||0201 (0603 Metric)|5222.103|132.641|4479.523|113.78|Bottom|5232.115|132.896|4479.523|113.78|5222.103|132.641|4479.523|113.78|180
233|R100||0201 (0603 Metric)|5320.659|135.145|4357.38|110.677|Bottom|5310.647|134.89|4357.38|110.677|5320.659|135.145|4357.38|110.677|0
234|R101||0201 (0603 Metric)|5222.359|132.648|4510.463|114.566|Bottom|5232.371|132.902|4510.463|114.566|5222.359|132.648|4510.463|114.566|180
235|R102||0201 (0603 Metric)|5792.029|147.118|4320.408|109.738|Bottom|5782.016|146.863|4320.408|109.738|5792.029|147.118|4320.408|109.738|0
236|R104||0201|4966.887|126.159|3965.955|100.735|Top|4956.369|125.892|3965.955|100.735|4966.887|126.159|3965.955|100.735|0
237|R105||0201 (0603 Metric)|4865.783|123.591|3995.573|101.488|Top|4865.783|123.591|3985.561|101.233|4865.783|123.591|3995.573|101.488|90
238|R107|SMT|0201|5063.613|128.616|4357.181|110.672|Top|5074.637|128.896|4357.181|110.672|5063.613|128.616|4357.181|110.672|180
239|R108|SMT|0201|5035.324|127.897|4159.976|105.663|Top|5024.3|127.617|4159.976|105.663|5035.324|127.897|4159.976|105.663|0
240|R110||0201|5309.889|134.871|3724.463|94.601|Top|5299.371|134.604|3724.463|94.601|5309.889|134.871|3724.463|94.601|0
241|R111|SMT|0201|5137.395|130.49|4116.463|104.558|Top|5126.371|130.21|4116.463|104.558|5137.395|130.49|4116.463|104.558|0
242|R112||0201 (0603 Metric)|5259.359|133.588|4367.463|110.934|Bottom|5249.347|133.333|4367.463|110.934|5259.359|133.588|4367.463|110.934|0
243|R113||0201 (0603 Metric)|5258.371|133.563|4445.475|112.915|Top|5258.371|133.563|4455.487|113.169|5258.371|133.563|4445.475|112.915|270
244|R114|SMT|0402|6397.76|162.503|3909.291|99.296|Top|6397.76|162.503|3928.976|99.796|6397.76|162.503|3909.291|99.296|270
245|R116||0201 (0603 Metric)|6242.982|158.572|3956|100.482|Top|6232.97|158.317|3956|100.482|6242.982|158.572|3956|100.482|0
246|R117|SMT|0402|6397.851|162.505|3823.52|97.117|Top|6397.851|162.505|3843.205|97.617|6397.851|162.505|3823.52|97.117|270
247|R118||0201|6185|157.099|4422|112.319|Top|6185|157.099|4411.482|112.052|6185|157.099|4422|112.319|90
248|R119|SMT|0402|5520.056|140.209|4410.823|112.035|Bottom|5539.741|140.709|4410.823|112.035|5520.056|140.209|4410.823|112.035|180
249|R120||0201 (0603 Metric)|6291|159.791|4252.988|108.026|Top|6291|159.791|4242.976|107.772|6291|159.791|4252.988|108.026|90
250|R121||0201 (0603 Metric)|6137.233|155.886|4333.233|110.064|Top|6147.245|156.14|4333.233|110.064|6137.233|155.886|4333.233|110.064|180
251|R122||0201|5568.371|141.437|4347.113|110.417|Bottom|5568.371|141.437|4357.631|110.684|5568.371|141.437|4347.113|110.417|270
252|R123||0201 (0603 Metric)|5562.871|141.297|4257.756|108.147|Bottom|5562.871|141.297|4247.744|107.893|5562.871|141.297|4257.756|108.147|90
253|R124||0201|4864.679|123.563|4471.705|113.581|Top|4854.161|123.296|4471.705|113.581|4864.679|123.563|4471.705|113.581|0
254|R125||0201|5087.648|129.226|3914.043|99.417|Top|5077.13|128.959|3914.043|99.417|5087.648|129.226|3914.043|99.417|0
255|R126|SMT|0402|5445.096|138.305|4410.536|112.028|Bottom|5464.781|138.805|4410.536|112.028|5445.096|138.305|4410.536|112.028|180
256|R127||0201 (0603 Metric)|6137.988|155.905|4310|109.474|Top|6127.976|155.651|4310|109.474|6137.988|155.905|4310|109.474|0
257|R128||0201 (0603 Metric)|6183.913|157.071|4240.706|107.714|Top|6193.926|157.326|4240.706|107.714|6183.913|157.071|4240.706|107.714|180
258|R129||0201 (0603 Metric)|5125.203|130.18|3925.932|99.719|Top|5125.203|130.18|3915.92|99.464|5125.203|130.18|3925.932|99.719|90
259|R130||0201|4617.953|117.296|4372.153|111.053|Top|4617.953|117.296|4382.165|111.307|4617.953|117.296|4372.153|111.053|270
260|R131||0201 (0603 Metric)|5809.359|147.558|3978.406|101.052|Bottom|5819.371|147.812|3978.406|101.052|5809.359|147.558|3978.406|101.052|180
261|R132||0201|4777.333|121.344|4090.57|103.9|Top|4787.345|121.599|4090.57|103.9|4777.333|121.344|4090.57|103.9|180
262|R133||0201|4740.673|120.413|4227.633|107.382|Top|4750.685|120.667|4227.633|107.382|4740.673|120.413|4227.633|107.382|180
263|R134||0201|6388.487|162.268|3961|100.609|Top|6377.97|162|3961|100.609|6388.487|162.268|3961|100.609|0
264|R135||0201|4722.063|119.94|4196.803|106.599|Top|4732.075|120.195|4196.803|106.599|4722.063|119.94|4196.803|106.599|180
265|R136||0201 (0603 Metric)|6238.012|158.446|4241|107.721|Top|6228|158.191|4241|107.721|6238.012|158.446|4241|107.721|0
266|R137||0201|4681.544|118.911|3924.698|99.687|Top|4681.544|118.911|3914.685|99.433|4681.544|118.911|3924.698|99.687|90
267|R138||0201|4767.383|121.092|4284.463|108.825|Top|4777.395|121.346|4284.463|108.825|4767.383|121.092|4284.463|108.825|180
268|R139||0201 (0603 Metric)|6313|160.35|4252.988|108.026|Top|6313|160.35|4263|108.28|6313|160.35|4252.988|108.026|270
269|R140||0201|4714.813|119.756|3924.689|99.687|Top|4714.813|119.756|3914.677|99.433|4714.813|119.756|3924.689|99.687|90
270|R141|SMT|0201|6248.221|158.705|4429.257|112.503|Top|6248.221|158.705|4418.233|112.223|6248.221|158.705|4429.257|112.503|90
271|R158|SMT|0201|4228.2|107.396|4119.6|104.638|Bottom|4217.176|107.116|4119.6|104.638|4228.2|107.396|4119.6|104.638|0
272|R159|SMT|0201|4223.5|107.277|4078.1|103.584|Bottom|4223.5|107.277|4089.124|103.864|4223.5|107.277|4078.1|103.584|270
273|R161||0201 (0603 Metric)|5629.371|142.986|4158.463|105.625|Top|5619.359|142.732|4158.463|105.625|5629.371|142.986|4158.463|105.625|0
274|R170|SMT|0201|4154.349|105.52|3946.461|100.24|Bottom|4165.372|105.8|3946.461|100.24|4154.349|105.52|3946.461|100.24|180
275|R171|SMT|0201|4204.445|106.793|3980.176|101.096|Bottom|4193.421|106.513|3980.176|101.096|4204.445|106.793|3980.176|101.096|0
276|R172|SMT|0201|4401.109|111.788|4142.031|105.208|Bottom|4401.109|111.788|4131.007|104.928|4401.109|111.788|4142.031|105.208|90
277|R174|SMT|0201|4269.1|108.435|4113.8|104.491|Bottom|4269.1|108.435|4102.776|104.211|4269.1|108.435|4113.8|104.491|90
278|R176|SMT|0201|4389.601|111.496|4181.803|106.218|Bottom|4378.578|111.216|4181.803|106.218|4389.601|111.496|4181.803|106.218|0
279|R177||0201|4849.592|123.18|4099.945|104.139|Top|4849.592|123.18|4089.428|103.871|4849.592|123.18|4099.945|104.139|90
280|R178||0201|4918.688|124.935|4169.463|105.904|Top|4929.205|125.202|4169.463|105.904|4918.688|124.935|4169.463|105.904|180
281|RA1||0502|4733.175|120.223|4479.492|113.779|Top|4756.797|120.823|4490.319|114.054|4733.175|120.223|4479.492|113.779|180
282|RA2||0502|4580.604|116.347|4423.994|112.369|Top|4604.226|116.947|4434.821|112.644|4580.604|116.347|4423.994|112.369|180
283|RA3||0502|4772.937|121.233|3873.84|98.396|Top|4749.315|120.633|3863.013|98.121|4772.937|121.233|3873.84|98.396|0
284|RA4||0502|4620.565|117.362|3957.492|100.52|Top|4596.943|116.762|3946.665|100.245|4620.565|117.362|3957.492|100.52|0
285|RA5||0502|4941.511|125.514|4432.715|112.591|Bottom|4930.684|125.239|4409.092|111.991|4941.511|125.514|4432.715|112.591|90
286|RA6||0502|4941.088|125.504|4327.395|109.916|Bottom|4930.261|125.229|4303.773|109.316|4941.088|125.504|4327.395|109.916|90
287|RA7||0502|4942.516|125.54|4213.651|107.027|Bottom|4931.69|125.265|4190.029|106.427|4942.516|125.54|4213.651|107.027|90
288|RA8||0502|4941.864|125.523|4095.871|104.035|Bottom|4931.037|125.248|4072.249|103.435|4941.864|125.523|4095.871|104.035|90
289|RA9||0502|4949.85|125.726|3979.761|101.086|Bottom|4939.024|125.451|3956.139|100.486|4949.85|125.726|3979.761|101.086|90
290|S1|SMT|SW, SMT Half Pitch 4SPST, 5.8x2.7x6.25 mm|5480.371|139.201|4285.463|108.851|Top|5405.371|137.296|4135.463|105.041|5480.371|139.201|4285.463|108.851|90
291|S2|SMT|SW, SMT Half Pitch 4SPST, 5.8x2.7x6.25 mm|5274.371|133.969|3923.463|99.656|Top|5199.371|132.064|3773.463|95.846|5274.371|133.969|3923.463|99.656|90
292|S3|Surface Mount|SMT_SW_5MM4_2MM5|4378.13|111.205|3983.7|101.186|Bottom|4378.13|111.205|4083.7|103.726|4378.13|111.205|3983.7|101.186|270
293|SW2|SMT|3x1.6x2.5mm|4854.161|123.296|4369.942|110.997|Top|4854.161|123.296|4436.871|112.697|4854.161|123.296|4369.942|110.997|270
294|SW3|SMT|3x1.6x2.5mm|5063.871|128.622|4019.392|102.093|Top|5063.871|128.622|3952.463|100.393|5063.871|128.622|4019.392|102.093|90
295|TP20||HDR1|5072.158|128.833|4430.473|112.534|Bottom|5072.158|128.833|4430.473|112.534|5072.158|128.833|4430.473|112.534|180
296|U1|SMT|RNF0026C|3416.61|86.782|4158.519|105.626|Top|3491.413|88.682|4086.669|103.801|3416.61|86.782|4158.519|105.626|180
297|U2|SMT|ALP0180A|0|0|0|0|None|0|0|0|0|0|0|0|0|0
298|U3||QFN24-EP|3692.643|93.793|4282.197|108.768|Bottom|3770.972|95.783|4331.41|110.018|3692.643|93.793|4282.197|108.768|180
299|U5|SMT|DRL0006A|5251.975|133.4|4163.768|105.76|Bottom|5232.29|132.9|4192.902|106.5|5251.975|133.4|4163.768|105.76|270
300|U6||TSOT-23-5|5558.535|141.187|3835.012|97.409|Bottom|5521.133|140.237|3882.866|98.625|5558.535|141.187|3835.012|97.409|270
301|U8|SMT|RGZ0048A|5831.568|148.122|4111.108|104.422|Top|5939.836|150.872|4244.966|107.822|5831.568|148.122|4111.108|104.422|270
302|U9|SMT|SON-8|3680.285|93.479|3934.676|99.941|Bottom|3625.167|92.079|3905.148|99.191|3680.285|93.479|3934.676|99.941|0
303|U10||RSV0016A|5306.799|134.793|4449.729|113.023|Bottom|5336.327|135.543|4473.351|113.623|5306.799|134.793|4449.729|113.023|180
304|U11|SMT|DSF0006A|4902.703|124.529|3935.717|99.967|Top|4886.955|124.129|3949.497|100.317|4902.703|124.529|3935.717|99.967|0
305|U12|SMT|DRB0008F|5482.576|139.257|4302.513|109.284|Bottom|5520.962|140.232|4247.395|107.884|5482.576|139.257|4302.513|109.284|90
306|U13|SMT|RSV0016A|6217.126|157.915|4322.756|109.798|Top|6187.598|157.165|4346.378|110.398|6217.126|157.915|4322.756|109.798|0
307|U15|SMT|RSE0010A|5509.205|139.934|4018.34|102.066|Bottom|5479.678|139.184|4044.915|102.741|5509.205|139.934|4018.34|102.066|270
308|U16||X2SON-6|4863.371|123.53|4159.463|105.65|Top|4849.592|123.18|4143.713|105.25|4863.371|123.53|4159.463|105.65|90
309|U17|SMT|DRB0008F|6287.97|159.714|3866|98.196|Top|6232.851|158.314|3904.386|99.171|6287.97|159.714|3866|98.196|0
310|U18|SMT|RSE0010A|3655.793|92.857|4329.586|109.971|Top|3685.321|93.607|4356.161|110.646|3655.793|92.857|4329.586|109.971|270
311|U19|SMT|DRB0008B|6109.371|155.178|3850.463|97.802|Bottom|6054.253|153.778|3812.077|96.827|6109.371|155.178|3850.463|97.802|0
312|Y1||SMT_2MM0_1MM6|3650.536|92.724|4035.032|102.49|Top|3622.977|92.024|4013.379|101.94|3650.536|92.724|4035.032|102.49|0
313|Y2||SMD4|6104.897|155.064|4189.847|106.422|Top|6083.243|154.514|4217.407|107.122|6104.897|155.064|4189.847|106.422|270
314|Y3||XTAL_SMT_1MM6_1MM0|5808.897|147.546|4347.926|110.437|Top|5808.897|147.546|4369.579|110.987|5808.897|147.546|4347.926|110.437|270
